intrinsic:
338.40639851900926 0.0 315.60837120444086 
0.0 338.5249002286689 183.26002735725382 
0.0 0.0 1.0 
distortion:
-0.06105925893133928 0.019664640221320764 -0.0020980166786264015 -0.006520198411890234 0.010976952012731828 
