intrinsic:
335.68926063337994 0.0 322.52273750435313 
0.0 335.8412121451208 185.60847738331228 
0.0 0.0 1.0 
distortion:
-0.05483298453828695 -0.039935016417888415 -0.0017641367767087183 -0.0032973949357195777 0.08991758193664182 
