intrinsic:
341.8362951829597 0.0 323.6818277106316 
0.0 341.5903428625417 185.69982390663125 
0.0 0.0 1.0 
distortion:
-0.0611206339734334 -0.013188801984272941 -0.0016989895539672186 -0.0025557861033073496 0.06275743652797876 
