intrinsic:
335.64215197277485 0.0 322.00421045661005 
0.0 335.3700396687658 186.4882519937101 
0.0 0.0 1.0 
distortion:
-0.07385792583841658 0.032318531166985576 -0.0004115956293749186 -0.003560669937548301 0.001988766377665265 
